0000000000000000
0000000000000000
0000000000000000
0000000000000000
0000000000000000
0000000000000000
0000000000000000
0000000000000000
0000000000000000
0000000000000000
0000000000000000
0000000000000000

0000000000000000
0000000000000000
0000000000000000
0000000000000000
0000000000000000
0000000000000000
0000000000000000
0000000000000000
0000000000000000
0000000000000000
0000000000000000
0000000000000000

0000000000000000
0000000000000000
0000000000000000
0000000000000000
0000000000000000
0000000000000000
0000000000000000
0000000000000000
0000000000000000
0000000000000000
0000000000000000
0000000000000000

0000000000000001
0000000000000001
0000000000000001
0000000000000001
0000000000000001
0000000000000001
0000000000000001
0000000000000001
0000000000000001
0000000000000000
0000000000000000
0000000000000000

0000000000001111
0000000000001111
0000000000011111
0000000000001111
0000000000001111
0000000000000111
0000000000000011
0000000000000001
0000000000000001
0000000000000001
0000000000000000
0000000000000000

1111110000000011
1111110000000111
1111110000000111
1111110000000111
1111110000000111
1111110000000011
1111110000000001
1111100000000001
1111100000000000
1111100000000000
1111100000000000
1111000000000000

1111100000001111
1111100000011111
1111100000011111
1111110000111111
1111110000111111
1111100000011111
1111100000011111
1111000000001111
1111000000001111
1111000000001111
1110000000001111
1110000000000111

1111000000111111
1111000000111111
1111100001111111
1111100001111111
1111100001111111
1111100001111111
1111000000111111
1111000000111111
1111000000111111
1111000000011111
1110000000011111
1110000000011111

1111110000011111
1111110000111111
1111110000111111
1111111000111111
1111111000111111
1111110000111111
1111110000011111
1111100000011111
1111100000001111
1111100000001111
1111100000001111
1111110000001111

1111110010111111
1111110000011111
1111111000111111
1111111000111111
1111111000111111
1111110000111111
1111110000011111
1111110000011111
1111100000011111
1111100000001111
1111110000001111
1111110000001111

1111110111111111
1111110000111111
1111110001111111
1111110001111111
1111110001111111
1111110001111111
1111100000111111
1111100000111111
1111100000111111
1111000000111111
1111000000111111
1111000000111111

1111111111111111
1111110000111111
1111110001111111
1111110001111111
1111110001111111
1111110000111111
1111100000111111
1111100000111111
1111100000011111
1111100000011111
1111100000111111
1111110000011111

1111111110011111
1111111000011111
1111111000111111
1111111000111111
1111111000111111
1111111000011111
1111111000011111
1111110000011111
1111110000001111
1111110000001111
1111110000001111
1111111000001111

1111111111111111
1111110000111111
1111110000111111
1111110001111111
1111111001111111
1111110000111111
1111110000111111
1111100000111111
1111100000011111
1111100000011111
1111100000111111
1111100000111111

1111110011001111
1111110000001111
1111111000001111
1111111000001111
1111111000011111
1111111000011111
1111111000011111
1111111000001111
1111110000000111
1111111000000111
1111111000010011
1111110000010011

1111111111111111
1111111111001111
1111111110000111
1111111100000011
1111111110000011
1111111110000011
1111111111000011
1111111111000011
1111101110000111
1111001110000111
1111100000000111
1111110000000011

1111111111111111
1111111110001111
1111111110000111
1111111100000111
1111111100000111
1111111110000111
1111111110000111
1111101110000111
1111001110000111
1111100000000111
1111110000000111
1111100000000111

1111111111111111
1111111110001111
1111111100000111
1111111100000111
1111111100000111
1111111110000011
1111111110000011
1111101110000111
1111100110000111
1111100000000111
1111110000000111
1111110000000111

1111111111001111
1111111110000111
1111111100000011
1111111100000011
1111111100000011
1111111110000011
1111111110000011
1111100010000011
1111100010000111
1111110000000111
1111110000000111
1111110000000011

1111111111000111
1111111110000011
1111111100000011
1111111100000001
1111111100000001
1111111110000001
1111110010000001
1111110011000001
1111110000000011
1111111000000011
1111111000000011
1111110000000011

1111111111000111
1111111110000011
1111111100000011
1111111100000001
1111111100000001
1111111100000001
1111110010000001
1111110010000001
1111110000000011
1111111000000011
1111110000000011
1111110000000011

1111111110001111
1111111100000111
1111111000000011
1111111000000011
1111111000000011
1111111100000011
1111110110000001
1111100010000001
1111110010000011
1111110000000011
1111110000000011
1111110000000011

1111110000001111
1111111000000111
1111111000000111
1111110000000011
1111111000000011
1111111100000011
1111111100000011
1111111100000111
1111111110000111
1111001110000111
1111000100000111
1111100000000111

1111111111111111
1111111111011111
1111111111000011
1111111110000001
1111111100000001
1111111100000001
1111111110000001
1111111110000001
1111111110000001
1111111110110001
1111111111110000
1111111111100000

1111111111111111
1111111111011111
1111111111001111
1111110111001111
1111110000001111
1111110000001111
1111110000001110
1111110000001110
1111110000000000
1111110000000000
1111111111110000
1111111111111000

1111111111111111
1111111111111111
1111111001111111
1111110000111111
1111110000111111
1111111001111111
1111111111111111
1111111111111111
1111111111111111
1111111111111111
1111111111111111
1111111111111111

1111111111111111
1111111111111111
1111111111111111
1111111111111111
1111111111111111
1111111111111111
1111111101111111
1111111000011111
1111111000011111
1111111000111111
1111111101111111
1111111111111111

1111111111111111
1111111111111111
1111111111111111
1111111101111111
1111111000111111
1111110000011111
1111111000111111
1111111100111111
1111111111111111
1111111111111111
1111111111111111
1111111111111111

1111111111111111
1111111111111111
1111111111111111
1111111100111111
1111111000011111
1111110000011111
1111111000011111
1111111100111111
1111111111111111
1111111111111111
1111111111111111
1111111111111111

1111111111111111
1111111111111111
1111111111111111
1111111111111111
1111111100111111
1111111000011111
1111111000001111
1111111000011111
1111111100111111
1111111111111111
1111111111111111
1111111111111111

0000000111111111
0000000111111111
0000000011011111
0000000010000111
0000000111000110
0000000111000000
0000001111100000
0000001111100000
0000000111100000
0000000000000000
0000000000000000
0000000000000000

1001100000000000
1001100000000000
1111110000000000
1111110000000000
1111110000111111
1111111111111111
1111111111111111
1111111111111111
1111111111111111
0000100000001111
0000000000000000
0000000000000000

0000111111111111
0000011111111111
0000001111111100
0111001111110000
0111001111101000
0011101111111110
0000111111111110
0000011111111111
0000010011111111
0000110111111111
1001111111111111
1111111111111111

0000011111111111
0000001111111111
0000000111111111
0000000001111111
0000000000111111
0000000110011111
0000001110011111
0000000110011111
0000000001111111
0000000001111111
0000000001111111
0000000000111111

0000111000111111
0000111111111111
0000011111111110
0000001111111110
0000000111111111
0000000011111111
0000000011111111
0000000111111111
0000000011111111
0000000001111111
0000000000111111
0000000000111111

0000000000000000
0000000000100000
0000011011111000
0000011111100000
0000000111111000
0000000011111100
0000000111111110
0000000011111010
0000000011110110
0000000011111111
0000000010111111
0000000010111111

0000000000000000
0000000000000000
0000000000000000
0000000111000000
0000000011100000
0000000011100000
0000000011110000
0001110111111111
0000000001101111
0000000000000000
0000000000000000
0000000000000000

0000000000000000
0000000000000000
0000000000000000
0000000010000000
0000000011000000
0000000011110000
0000000000010000
0000000000000000
0000000000000000
0000000000000000
0000000000000000
0000000000000000

0000000000000000
0000000000000000
0000000000000000
0000000010000000
0000000011000000
0000000011110000
0000000000000000
0000000000000000
0000000000000000
0000000000000000
0000000000000000
0000000000000000

0000000000000000
0000000000000000
0000000000000000
0000000110000000
0000000011000000
0000000011110000
0000000000000000
0000000000000000
0000000000000000
0000000000000000
0000000000000000
0000000000000000

0000000000000000
0000000000000000
0000000000000000
0000000110000000
0000000010000000
0000000111110000
0000000000000000
0000000000000000
0000000000000000
0000000000000000
0000000000000000
0000000000000000

0000000000000000
0000000000000000
0000000000000000
0000000110000000
0000000010000000
0000000011100000
0000000011110000
0000000000000000
0000000000000000
0000000000000000
0000000000000000
0000000000000000

0000000000000000
0000000000000000
0000000000000000
0000000010000000
0000000011000000
0000000011110000
0000000000000000
0000000000000000
0000000000000000
0000000000000000
0000000000000000
0000000000000000

0000000000000000
0000000000000000
0000000001100000
0000000001100000
0000000000110000
0000000001111110
0000000000000000
0000000000000000
0000000000000000
0000000000000000
0000000000000000
0000000000000000

0000000000000000
0000000000000000
0000000000000000
0000000000110000
0000000000110000
0000000000011100
0000000000111110
0000000000000100
0100000000000000
1100000000000000
1100000000000000
1100000000000000

0000000000000000
0000000000000000
0000000000000000
0000000000100000
0000000000100000
0000000000110000
0000000000111000
0000000000000000
0110000000000000
1111110000000000
1111110000000000
1111110000000000

0000000000000000
0000000000000000
0000000000000000
0000000000100000
0000000000100000
0000000000111000
0000000000110000
0000000000000000
0110000000000000
1111111000000000
1111111000000000
1111111000000000

0000000000000000
0000000000000000
0000000000000000
0000000000100000
0000000000100000
0000000000110000
0000000001111000
0100000000000000
0110000000000000
1111111000000000
1111111000000000
1111111000000000

0000000000000000
0000000000000000
0000000000000000
0000000000000000
0000000001100000
0000000000100000
0000000001110000
0100000000000000
0110000000000000
1111111000000000
1111111000000000
1111111000000000

0000000000000000
0000000000000000
0000000000000000
0000000001100000
0000000001100000
0000000001110000
0000000001110000
0100000000000000
0110000100000000
1111111100000000
1111111100000000
1111111100000000

0000000000000000
0000000000000000
0000000000100000
0000000000110000
0000000000110000
0000000000111100
0000000001111100
0000000000001000
0100000000000000
1100000000000000
1110000100000000
1111111100000000

0000000000000111
0000000000011111
0000000000000111
0000000000000111
0000000001111111
0000000001110111
0000000000000011
0000000000000011
0000000000000011
0000000000000111
0000000000001111
0000000000001111

0000000000000000
0000000000000000
0000000000000000
0000000000000001
0000000011000011
0000001111111111
0000001100111111
0000000100000000
0000000100000000
0000000000000000
0000000000000000
0000000000000000

0000000000000000
0000000000000000
0000000000000000
0000001111000000
0000001011111101
0000000000011111
0000000000001111
0000000000000000
0000000000000000
0000000100000000
0000000100000000
0000000110000000

0000000000000000
0000000000000000
0000000000000000
0000000000000000
0000001000000000
0000001000000000
0000001000000000
0000000000000000
0000000000000000
0000000000000000
0000000000000000
0000000000000000

1111111111111111
1111111001111111
1111111100111111
1111111111111111
1111111111111111
1111111111111111
1111111111111111
1111111111111111
1111111111111111
1111111111111111
1111111111111111
1111111111111111

1111111111001111
1111111110011111
1111111111111111
1111111111111111
1111111111111111
1111111111111111
1111111111111111
1111111111111111
1111111111111111
1111111111111111
1111111111111111
1111111111111111

1111111111111111
1111111111111111
1111111111111111
1111111111111111
1111110000011111
1111100000011111
1111101111111111
1111111111111111
1111111111111111
1111111111111111
1111111111111111
1111111111111111

1111111111111111
1111111111111111
1111111111111111
1111111111111111
1110011111111111
1110011111111111
1110011111111111
1110011111111111
1110011111111111
1110011111111111
1110011111111111
1111111111111111

1111111111111111
1111111111111111
1100111111111111
1100011111111111
1100011111111111
1100011111111111
1100111111111111
1100011111111111
1100011111111111
1100011111111111
1100011111111111
1100011111111111

1111111111111111
1111001111111111
1111001111111111
1111001111111111
1111000111111111
1111000111111111
1111000111111111
1110000111111111
1111000111111111
1111000111111111
1110000111111111
1110000111111111

1111111111111111
1111111011111111
1111110001111111
1111111001111111
1111110000111111
1111110001111111
1111110001111111
1111110001111111
1111110001111111
1111110001111111
1111110001111111
1111110001111111

1111111111111111
1111111100111111
1111111100111111
1111111100111111
1111111100011111
1111111100011111
1111111100111111
1111111100111111
1111111100111111
1111111100111111
1111111000011111
1111111000011111

1111111111111111
1111111100011111
1111111100011111
1111111100011111
1111100000001111
1111100000001111
1111111100011111
1111111100011111
1111111100011111
1111111100011111
1111111100011111
1111111100011111

1111111110111111
1111111100011111
1111111000011111
1111111100011111
1111111100011111
1111000000001111
1111011000001111
1111111100001111
1111111100001111
1111111100001111
1111111100011111
1111111000011111

1111111111111111
1111111110011111
1111111100001111
1111111100001111
1111111110001111
1111111110001111
1111111110001111
1111111100001111
1111111100000111
1111111100000111
1111111100000111
1111111100000111

1111111111111111
1111111111111111
1111111100011111
1111111100001111
1111111100001111
1111111110001111
1111111100001111
1111111000001111
1111110000000111
1111100100000111
1111110100000111
1111111100000111

1111111111111111
1111111111011111
1111111110000111
1111111110000111
1111100110000111
1111100000000111
1111111100000111
1111111100000111
1111111100000111
1111111100000111
1111111100000111
1111111100001111

1111111111111111
1111111111000011
1111111110000011
1111111110000011
1111111111000001
1111111011000001
1111111010000001
1111111000000001
1111111000000001
1111111100000001
1111111100000000
1111111000000000

1111111111000001
1111111111000000
1111111110000000
1111111100000000
1111111100000000
1111111110000000
1111110011000000
1111110011000000
1111110111000000
1111110010000000
1111111000000000
1111110000000000

1111111111000000
1111111111000000
1111111110000000
1111111100000000
1111111110000000
1111111111000000
1111100111000000
1111100111000000
1111100111000000
1111110011000000
1111111000000000
1111111000000000

1111111111111111
1111111111111111
1111111011111111
1111111011111111
1111111011111111
1111111001111111
1111110001111111
1111100000111111
1111100000111111
1111110000111111
1111110000111111
1111111000011111

1111111111111111
1111111111111111
1111111111111111
1111101111111111
1111110111111111
1111110011111111
1111100001111111
1111000001111111
1111000001111111
1111100001111111
1111110000011111
1111110000001111

1111111111111000
1111111111110000
1111111111100000
1111111111111000
1111111111111000
1111111111111110
1111101110111100
1111100000000000
1111100000000000
1111100000000000
1111110000000000
1111111110000000

1111111111111111
1111111000001111
1111111000001111
1111110000011111
1111111000011111
1111111000111111
1110111000011110
1100000000001000
1011100000010000
1111110000011111
1111111000111111
1111110000111111

1111111111111111
1111111111111111
1111110000011111
1111110000011111
1111110000111111
1111110001111111
1011110001111111
0000000000100011
1100110000000001
1111110000111101
1111110001111111
1111110001111111

1111111111111111
1111111001111111
1111110000011111
1111110000111111
1111110000111111
1111111001111111
1001110000111011
0000000000000001
1111010000100100
1111110000111111
1111111000111111
1111110000111111

1111111111111111
1111111101111111
1111110000011111
1111110000011111
1111110000111111
1111111000111111
1100111000111000
1000000000000000
1011100000111111
1111110000111111
1111111000111111
1111111000111111

1111111111111111
1111111000101111
1111110000000111
1111110000001111
1111110000011111
1111111000111111
1100011000111111
1100000000011110
1111000000000000
1111100000110000
1111100000111111
1111110001111111

1111111111100111
1111111110000011
1111111100000111
1111111100000111
1111111110000011
1111111111000111
1111111111001001
1111000110000001
1111100010000011
1111111000011000
1111111100011100
1111111110011111

1111111111111000
1111111111100000
1111111111000000
1111111110000000
1111111111000000
1111111111100000
1110000111110000
1111000011110001
1111110001000001
1111111000000000
1111111100000000
1111111111000011

1111111111110000
1111111111100000
1111111111110000
1111111111110000
1111111111110000
1110000111111100
1110000011110000
1111011000100000
1111111100000000
1111111111100000
1111111111110000
1111111111100001

1111111111111111
1111111111111111
1111111111111111
1111111111111111
1111111111111111
1111111111111111
1111111111111111
1111111111111111
1111111111111111
1111111111111111
1111000001111111
1111100011111111

1111111011111111
1111110000111111
1111110000011111
1111110001111111
1111111001111111
1111111111111111
1111111111111111
1111111111111111
1111111111111111
1111111111111111
1111111111111111
1111111111111111

1111111111111111
1111111111111111
1111111111111111
1111111111111111
1111111111111111
1111100001111111
1111110000011111
1111110000011111
1111110001111111
1111111111111111
1111111111111111
1111111111111111

0000000000000000
0000000000000000
0000000000000000
0000000000000000
0000000000000000
0000000000000000
0000010000000000
0000100001000000
0000100101000000
0000011110011000
0000011111111000
0000001111000000

0000000000000000
0000000000000000
0100000000000000
0000000000000000
0000000000000000
0000000000000000
0000000000000000
0000000000000000
0011100001000100
0000111011001000
0000011101101100
0000001100100100

0000000000000000
0000000000000000
0000000000000000
0000000000000000
0000000000000000
0000001000000000
0000000000000000
0000000000000000
0000000000000000
0000000000000000
0000000000000000
0000000000000000

0000000000000000
0000000000000000
0000000000000000
0000000000000000
0000000100000000
0000000110000000
0000000110000000
0000000000000000
0000000000000000
0000000000000000
0000000000000000
0000000000000000

0000000000000000
0000000000000000
0000000000000000
0000000000000000
0000000000000000
0000000111000000
0000001110000000
0000000000000000
0000000000000000
0000000000000000
0000000000000000
0000000000000000

0000000000000000
0000000000000000
0000000000000000
0000001000000000
0000000110000000
0000000111000000
0000000111000000
0000000010000000
0000000010000000
0000000000000000
0000000000000000
0000000000000000

0000000000000000
0000000110000000
0000001110000000
0000000111111100
0000001111000000
0000011110000000
0001100111000000
0010011111100000
0000011111100000
0000011111000000
0000000110000000
0000000000000000

0000000000000000
0000000000000000
0000000000000000
0000000110000000
0000001110000000
0000001110000000
0000000110000000
0000000110000000
0000000111000000
0000001110000000
0000001110000000
0000001111000000

0000000000000000
0000000000000000
0000000000000000
0000000110000000
0000000110000000
0000000110000000
0000011111000000
0000000111000000
0000000110000000
0000000111000000
0000001110000000
0000001111000000

0000000000000000
0000000000000000
0000000010000000
0000000111000000
0000000111000000
0000111110000000
0000001110000000
0000001110000000
0000000110000000
0000001111000000
0000001110000000
0000001110000000

0000000000000000
0000000000000000
0000000010000000
0000010111000000
0000001111000000
0000001110000000
0000001110000000
0000001100000000
0000001110000000
0000000110000000
0000000111000000
0000000111000000

0000000000000000
0000001000000000
0000001110000000
0000001111000000
0000001111000000
0000000111000000
0000001111100000
0000001111100000
0000001111100000
0000001111100000
0000000111100000
0000001111100000

0000000000000000
0000000011000000
0000000011110000
0000000011110100
0000000011110110
0000000001110110
0000000001111110
0000000001111100
0000000001111000
0000000001111100
0000000011111100
0000000011111000

0000000000000000
0000000011110000
0000000011111010
0000000011111010
0000000001111011
0000000000111011
0000000001111110
0000000000111100
0000000000111100
0000000000111100
0000000011111100
0000000011111000

0000000000000000
0000000000000000
0000000000000000
0000000000000000
0000000000000000
0000000000000000
0000000000000000
0000000000000000
0000000000000000
0000000000000000
0000000000000000
0000000000000000

0000000000000000
0000000000000000
0000000000000000
0000000000000000
0000000000000000
0000000000000000
0000000000111111
0000000000000000
0000000000000000
0000000000000000
0000000000000000
0000000000000000

0000000000000000
0000000000000000
0000000000000001
0000000000000001
0000000001110000
0000000111001000
0111111101101100
1001001101111110
1001101101101111
1001001101001111
1001001000000011
1001000000000010

0000000000000000
0000000001110000
0000000111111000
0000000111111000
0000000111111000
0010000100110000
1101100001111000
0111110011111000
0000011111111111
0000011011111011
0000000011111000
0000000011111000

0000000000000000
0000000001110000
0000000111110000
0000000111111000
0000000111110000
0010000101110000
1101100001110000
0011010011111000
0000011111111011
0000011011111010
0000000011111000
0000000011111000

0000000000000000
0000000011110000
0000000011110000
0000000111111000
0000000001110000
0011100001110000
0101110001110000
0100111011111011
0000001111111010
0000000111111000
0000000011111000
0000000011111000

0000000000000000
0000000111100000
0000000111100000
0000001111100000
0000000011000000
0011000011000000
1111100111100011
1100111111111111
0000011111110000
0000000011110000
0000000111110000
0000000111110000

0000000000000000
0000000111000000
0000001111100000
0000001111100000
0000000111100000
0110000111000000
1001101111011111
0000001111000000
0000001111000000
0000001111000000
0000001111000000
0000001111000000

0000000000000000
0000000110000000
0000001111100000
0000001111100000
0000000111100000
0000000110000000
0111011111111110
1000111111100011
0000011111000000
0001100111000000
0000001111000000
0000001111100000

0000000000000000
0000000111000000
0000001111100000
0000001111100000
0000000110100000
0000000110000000
1110011111000111
1000011111100001
0000001111000000
0000110111000000
0000001111000000
0000001111100000

0000000000000000
0000000111000000
0000001111100000
0000001111100000
0000000110100000
0000000110000000
1111111111000110
1000101111011001
0000001111000000
0000110110110000
0001001111001000
0000001111000000

0000000000000000
0000001111000000
0000001111100000
0000001111100000
0000000110100000
0000000110000000
1110001111000111
1001111111111011
0000011111100000
0000011111100000
0001001111001000
0000001111000000

0000000000000000
0000001111100000
0000001111100000
0000001111100000
0000000110100000
0000000110000000
1110001111000111
1101111111111011
0000011111000000
0000011111100000
0001101111011000
0000001111000000

0000000000000000
0000001111000000
0000001111100000
0000001111100000
0000000110100000
0000000110000000
1110001111000111
1111111111111111
0000011111100000
0000111111110000
0011101111001100
0000001111000000

1111111000111111
1111110000011111
1111110000001111
1111110000001111
1101111000001000
0000101001000000
1110100000010111
1111100000011111
1111100000011111
1111100000011111
1000010000100001
1100110000110001

1111100000000111
1111100000000111
1111110000000111
0011111000100101
0001011001100000
0001000000000000
1111000000001111
1111100000011111
1111000000011111
1111000000001111
0110010000100110
0000110000110000

1111100000001001
1111111000011001
0010110000110000
0100000000000010
0100000000000010
0100000000000010
1111111111111111
1110000000000111
1110000000000111
1100000000000111
1100100000000011
0001100000010000

0000000000000000
0000000000000000
0000000000000000
0000000000000000
0000000000000000
0000000000000000
1111111111111111
0000000000000000
0000000000000000
0000000000000000
0000000000000000
0000000000000000

0000000000000000
0000000000000000
0000000000000000
0000000000000000
0000000000000001
0001111111111011
0000000000001111
0000000000000011
0000000000000001
0000000000000000
0000000000000000
0000000000000000

0000000000000000
0000000000000011
0000000000000111
0000000000000000
0000000000000000
0000000001110000
0000000000110000
0000000000110000
0000000000110000
0000000000111000
0000000001110000
0000000011111000

0000000011100000
0000000000010000
0000000000000000
0000000000000000
0000000000000000
0010000011100000
0010000001000000
0010000001000000
0000000011100000
0000000011100000
0000000111100000
0000000111100000

0000000001000000
0110000001100000
0011000000000000
0000000110000000
0000000110000000
0010000110000000
0010000110000000
0010001110000000
0000001110000000
0000001111000000
0000001010000000
0000000000000000

0000000000111100
0000000000001100
0000001100000000
0000001100000000
0000001100000000
0010001000000000
0010011100000000
0010011100000000
0000011100000000
0000011100000000
0000000000000000
0000000000000000

0000000000011000
0000000000001000
0000000110000000
0000001100000000
0000001110000000
0010001110000000
0010001100000000
0010001110000000
0000001110000000
0000001110000000
0000001000000000
0000000000000000

0000000000010000
0000000000000000
0000000110000000
0000000110100000
0000001110000000
0010001110000000
0010001100000000
0010001100000000
0010001110000000
0000001110000000
0000001010000000
0000000000000000

0000000000000000
0000000011000000
0000000111000000
0000000110000000
0000000111100000
0100001110011100
0100001110000000
0100001111000000
0100001110000000
0000111111000000
0110001111000000
0000011111000000

0000000000000000
0000000111000000
0000001110000000
0000000110000000
0000001110000000
0100001111000010
0110001110110000
0110001110110000
0100001111000000
0000001111000000
0000111111000000
0011001111000000

0000001100000000
0000011110000000
0000111110000000
0001111111000000
0001111111000000
0011111111000110
0011111111001000
0111111111101100
0011111111100100
0001111101000100
0000000001000100
0000000001000000

0000000000000000
0000001110000000
0000011110000000
0000111111000000
0011111111000000
0011111111000000
0111111111000010
0111111111100100
0111111111100000
0111111111000000
0011001001000000
0110000001000000

0000000000000000
0011110000000000
0011111000000000
0111111000000000
0111111000000000
0011111000000000
0111111100000000
0011111000000000
0111111000000000
0111111000000000
0111111000000000
0111111100000000

0001100000000000
0011110000000000
0111111000000000
1111111000000000
0111111000000000
0111111000000000
0111111000000000
0011111000000000
0111111000000000
0111111000000000
0111111100000000
0111111100000000

0000010000000000
0001111000000000
0001111100000000
0011111100000000
0011111100000000
0001111100000000
0011111100000000
0001111100000000
0001111100000000
0001111110000000
0001111110000000
0011111110000000

0000000000000000
0001111000000000
0011111000000000
0011111100000000
0011111100000000
0011111000000000
0011111100000000
0011111000000000
0011111100000000
0011111110000000
0111111110000000
0111111110000000

0000000000000000
0111100000000000
0111110000000000
1111110000000000
1111110000000000
1111110000000000
1111110000000000
1111110000000000
1111111111100000
1111111111111000
1111111111111000
1111111111110000

0000000000000000
0000100000000000
0011111000000000
0011111000000000
0111111000000000
0011111000000000
0011111100000000
0011111100000000
0011111100000000
0011111111100000
0011111111111000
0011111111111100

0000000000000000
0000111000000000
0001111100000000
0001111100000000
0001111110000000
0001111110000000
0001111110000000
0001111100000000
0001111110000000
0001111111110000
0001111111111000
0011111111111100

0000000000000000
0011100000000000
0111110000000000
0111111000000000
0111111000000000
0111110000000000
0111110000000000
0111110000000000
0111111011000000
0111111111110000
0111111111111000
1111111111111100

0000000000000000
0011110000000000
0111110000000000
0111111000000000
0111111000000000
0111110000000000
0111110000000000
0111110000000000
0111111000000000
0111111111100000
0111111111111000
0111111111111000

0000000000000000
0001111000000000
0011111100000000
0011111110000000
0011111100000000
0001111100000000
0001111000000000
0001111100000000
0011111100000000
0001111111110000
0001111111111100
0011111111111100

0000000000000000
0001110000000000
0011110000000000
0111111100000000
0011111000000000
0011111000000000
0011110000000000
0011110000000000
0111111000000000
0111111100000000
0111111111110000
0111111111111100

0000000000000000
1110000000000000
1111000000000000
1111100000000000
1111100000000000
1111100000000000
1111000000000000
1111000000000000
1111100000000000
1111100000000000
1111111111110000
1111111111111000

0000000000000000
0000000000000000
1000000000000000
1100000000000000
1111000000000000
1111000000000000
1111000000000000
1110000000000000
1111000000000000
1110000000000000
1100000000000000
1111000000000000

0000000000000000
0000000000000000
0000000000000000
0000000000000000
0000000000000000
0000000000000000
0000000000000000
0000000000000000
0000000000000000
0000000000000000
0000000000000000
0000000000000000

0000000000000000
0000000000000000
0000000000000000
0000000000000000
0000000011000000
0000000110000000
0000001110000000
0000001100000000
0000000000000000
0000000000000000
0000000000000000
0000000000000000

0000000000000000
0000000000000000
0000000000000000
0000000000000000
0000111000000000
0000011111000000
0000001111110000
0000000011110000
0000000000000000
0000000000000000
0000000000000000
0000000000000000

0000000000000000
0000000000000000
0000000000000000
0000000000000000
0000000001100000
0000001111100000
0000011111000000
0000111100000000
0000000000000000
0000000000000000
0000000000000000
0000000000000000

0000000000000000
0000000000000000
0000000000000000
0000000000000000
0000000010000000
0000001110000000
0000001111000000
0000001111100000
0000000111000000
0000000000000000
0000000000000000
0000000000000000

0000000000000000
0000000000000000
0000000000000000
0000000001000000
0000000001000000
0000000001000000
0001110001111000
0001111111110000
0000011111110000
0000000000000000
0000000000000000
0000000000000000

0000000001000000
0000000001100000
0000000001000000
0000000001100000
0000000011100001
0000000011101111
1111110111111110
1111111111111100
1111111111111000
0000000011110000
0000000000000000
0000000000000000

0001001111000000
0001011111000000
0000011111000000
0000001111000011
0000000011111111
1111111111111111
1111111111111111
1111111111111110
1111111111111100
1111111111110000
1111111111000000
0000000000000000

0010000111000000
0010000110000000
0010000011000000
0010000111000000
0000001111100000
0000001111000000
0000011111001111
0000000111111111
1111111111111111
1111111111111111
1111111111111111
1111111111111111

0110000110000000
0110001111000000
0100001110000000
1100000111000000
1100000111011001
1100000111000000
0100000111000000
0100000111000000
0100001111000000
0100111111100000
0000111111100000
0001111111101111

0000000000000000
0000000000000000
0100000111000000
0110000111000000
1100001110000000
1100000111000000
1100000111001000
1100000111110000
1100000011000000
0100000111000000
0100001111100000
0100011111100000

0000000000000000
0000000000000000
0000000110000000
0110001111000000
1100001110000000
1100000111000000
1100000111001100
1100000111110000
1100000011000000
0100000011000000
0100000111100000
0110001111100000

0000000000000000
0000000000000000
0100001110000000
0110011110000000
0100001111000000
1100000111001100
1100000111111000
0100000011000000
0100000011000000
0110000111100000
0010001111100000
0010011111100000

0000000000000000
0000000000110000
0011000001110000
0011100011110000
0011000001111000
0011000000111100
0011000000111100
0011000001111111
0011000000111000
0011000000111100
0001000001111100
0001100011111110

0000011000000001
0000011110000001
0000011100001111
0000011100000011
0000111000000000
0000111000000000
0000111000000000
0000111000000001
0000011000000000
0000011000000000
0000011000000000
0000011100000000

0000001111111100
0000001111111100
0000001111111100
0000001111111100
0000001111111100
0000001111111100
0000001111111100
0000001111111100
0000001111111100
0000001111111100
0000001111111100
0000001111111100

0000000011111111
0000000011111111
0000000011111111
0000000011111111
0000000011111111
0000000011111111
0000000011111111
0000000011111111
0000000011111111
0000000011111111
0000000011111111
0000000011111111

0000000011111111
0000000011111111
0000000011111111
0000000011111111
0000000011111111
0000000011111111
0000000011111111
0000000101111111
0000001100111111
0000001100111111
0000001100111111
0000001100111111

0000000011111111
0000000011111111
0000000011111111
0000000101111111
0000001100111111
0000001100111111
0000000101111111
0000001100111111
0000001100111111
0000000100111111
0000001100111111
0000001100111111

0000000011111111
0000000011111111
0000000011111111
0000000101111111
0000001100111111
0000000100111111
0000000101111111
0000001100111111
0000001100111111
0000001100111111
0000000100111111
0000001100111111

0000000011111111
0000000011111111
0000000011111111
0000000001111111
0000000100111111
0000000100111111
0000000101111111
0000000100111111
0000001100111111
0000001100111111
0000001100111111
0000001100111111

0000000011111111
0000000011111111
0000000011111111
0000000011111111
0000000100111111
0000000100111111
0000000100111111
0000000100001111
0000000100101111
0000000100111111
0000000100111111
0000001100111111

0000000011111111
0000000011111111
0000000011111111
0000000011111111
0000000111111111
0000000111111111
0000000111111111
0000000111111111
0000001101111111
0000001101111111
0000001101111111
0000001100111111

0000000111111111
0000000111111111
0000000111111111
0000000111111111
0000000111111111
0000000111111111
0000001111111111
0000001111111111
0000001001111111
0000001001111111
0000001001111111
0000001001111111

0000001111111111
0000011111111111
0000001111111111
0000000111111111
0000000011111111
0000000011111111
0000000001111111
0000000001111111
0000010011111111
0000000011111111
0000000001111111
0000000001111111

0000011111111111
0000011111111111
0000000111111111
0000000011111111
0000000111111111
0001100111111111
0000000011111111
0000000011111111
0000100111111111
0000100011111111
0000100011111111
0000100111111111

0000000000000011
0000000000000011
0000000000000000
0000000000001100
0000000000011101
0000011111011100
0000000000001100
0000000000001111
0000000000001101
0000000000001100
0000000000011100
0000000000001100

0000000000000000
0000000000000000
0000000000000000
0000000000000000
0000000000000000
0000000000000000
0000000000000111
0000000000000000
0000000000000000
0000000000000000
0000000000000000
0000000000000000

0000000000000000
0000000000000000
0000000000000000
0000000000000000
0000000011100000
0000000011110000
0000000001110000
0000000001110000
0000000000111000
0000000000111000
0000000000011000
0000000000011100

0000000000000000
0000000100000000
0000001110000000
0000000110000000
0000000111000000
0000000111000000
0000000111000000
0000000110000000
0000000110000000
0000000110000000
0000000110000000
0000000110000000

0000000000000000
0000001100000000
0000001110000000
0000001110000000
0000000110000000
0000000111000000
0000000111000000
0000000111000000
0000001111000000
0000001110000000
0000001110000000
0000000110000000

0000000000000000
0000000100000000
0000001110000000
0000001110000000
0000000110000000
0000000111000000
0000000111000000
0000001111000000
0000111111000000
0000000111000000
0000000110000000
0000000110000000

0000000000000000
0000000100000000
0000001110000000
0000001110000000
0000000110000000
0000000111000000
0000001111000000
0000111111000000
0000000111000000
0000000111000000
0000000110000000
0000000110000000

0000000000000000
0000000110000000
0000001110000000
0000001110000000
0000000110000000
0000000111000000
0000001111000000
0000111111000000
0000000111000000
0000000111000000
0000000111000000
0000000110000000

0000000000000000
0000000110000000
0000001110000000
0000001110000000
0000000110000000
0000001111000000
0000001111000000
0000111111000000
0000000111000000
0000000111000000
0000000111000000
0000000111000000

0000000000000000
0000001111000000
0000000110000000
0000000111000000
0001000111000000
0001001111000000
0001001111000000
0000111111000000
0000000111100000
0000000110000000
0000001111000000
0000001111000000

0000000000000000
0000000111000000
0000000111000000
0000000111000000
0001001110000000
0001101111000000
0001001111000000
0000111111000000
0000011111111000
0000000111000000
0000001111000000
0000001111000000

0000000000000000
0000000111000000
0000000111000000
0000000111000000
0001001110000000
0001101111000000
0001001111000000
0000111111100000
0000001110010000
0000000110000000
0000001111000000
0000001111000000

0000000000000000
0000000111000000
0000000111000000
0000000111000000
0001001110000000
0001001111000000
0001001111001000
0000111111101000
0000001110010000
0000000110000000
0000001111000000
0000001111000000

0000000000000000
0000001111000000
0000001110000000
0000011110110000
0000011111110000
0000111111110000
0000011111100000
0000001111100000
0000001111000000
0000000110000000
0000001111000000
0000001111000000

0001110001111000
0001111001111000
0001111111110000
0000111111111000
0001111111110000
0000111111110000
0000111111100000
0000011111100000
0000011111100000
0000001111000000
0000001111000000
0000001111000000

1111110011111101
1111111011111100
1111111011111100
1111111111111111
0111111001111110
1111111101111110
0111111111111110
0111111111111100
0011111111111100
0011111111111100
0001101111111000
0001111111111000

1111111111111111
1111111111111111
1111111111111111
1111111111111111
1111111111111111
1111111111111111
1111111111111111
1111111111111111
1111111111111111
1111111111111111
1111111111111111
1111111111111111

1111111111111111
1111111111111111
1111111111111111
1111111111111111
1111111111111111
1111111111111111
1111111111111111
1111111111111111
1111111111111111
1111111111111111
1111111111111111
1111111111111111

1111111111111111
1111111111111111
1111111111111111
1111111111111111
1111111111111111
1111111111111111
1111111111111111
1111111111111111
1111111111111111
1111111111111111
1111111111111111
1111111111111111

0000000111111111
0110000111111111
0110000111111111
0111000111111111
0111001111111111
0111001111111111
0111111111111111
0011111111111111
0011111111111111
0111111111111111
0111110111111111
0001000111111111

0000001111111111
0000001111111111
0110001111111111
0110011111111111
0111011111111111
0111111111111111
1111111111111111
0011111111111111
0011111111111111
0111111111111111
0111100111111111
0011000111111111

0001100011111111
0101110011111111
0111110111111111
0111101111111111
0111101111111111
0111101111111111
1111101111111111
0111101111111111
0011101111111111
0111100111111111
0111110011111111
0011100001111111

0000000000000000
0000000000000100
0110000000000100
0110000000001100
0111000000001100
0111000000001100
0111000000011100
0011100000011110
0011100000011110
0111100000011111
0111100000011110
0011100000001000

0000000000000000
0001000000001000
0001100000001100
0001100000001100
0011100000011110
0111110000011110
0101110000011100
0001110000011100
0001110000011110
0011110000111110
0011110000111100
0001100000001000

0000000000000000
0000000000000000
0000011001100000
0000111001110000
0001111001111000
0111110000111111
1111110000111111
1111111111111111
1101111111110000
0000111001110000
0001110000111100
0011110000111110

0000000000000000
0000000000000000
0000011001100000
0000111001110000
0000111001110000
0000110000110000
0001110000111000
0001111111111000
0001111111111000
0001111001111000
0001110000111100
0001110000111110

0000010000000000
0000010000000000
0000011001110000
0000111001110000
0000111001110000
0000111001110000
0000111111110000
0000111111110000
0000111111111000
0000111001111000
0001110000111100
0001110000111100

0000010000000000
0000010000000000
0000011001100000
0000111001110000
0000111001110000
0000111001110000
0000111111110000
0000011111100000
0000011111100000
0000111001110000
0000111001111000
0001111000111100

0000011100000000
0000011100000000
0000111110000000
0000111110000001
0001111110011000
0001111000111100
0011111001111000
0011111111111000
0011111111110000
0011111111110000
0011111111100000
0000001111100000

0001111111111000
0111111111111100
1111111111111100
0111111111111100
0111111111111000
0011111001111000
0011110001111000
0011110011110000
0011111011100000
0011111100000000
0011111111111000
0001111111111101

0000111111110000
0001111111110000
0011111111111000
0111111111111100
1111111111111100
1111111111111111
1111111111111110
0111111111111100
0011111111111100
0011111111111000
0001001111110000
0000100000000000

1111111000000000
1111111000000000
1111111000000000
1111111000000001
1111110000000001
1111100000000000
0110000000000001
0000000000000000
0000000000000001
0000000000000001
0000000000000001
0000000000000001

1111100000000000
1111100000000000
1111100000000000
1111000000011100
1110000000001110
0000000000001110
0000000000001111
0000000000001100
0000000000001110
0000000000001110
0000000000001111
0000000000001111

1111100000000000
1111100000000000
1111100000000000
1111000000111000
1110000000011000
0000000000011000
0000000000011000
0000000000011000
0000000000011000
0000000000011000
0000000000011100
0000000000111100

1111100000000000
1111100000000000
1111100000100000
1111000000110000
1110000000110000
0000000000110000
0000000000111000
0000000000111000
0000000000111000
0000000000110000
0000000001111000
0000000001111000

1111100000000000
1111100000000000
1111100000000000
1111000001100000
1110000000110000
0000000000110000
0000000001110000
0000000000110000
0000000000110000
0000000000110000
0000000001111000
0000000001111000

1111100000000000
1111100000000000
1111100001000000
1111000001100000
1110000001100000
0000000011110000
0000000000110000
0000000000110000
0000000000110000
0000000001110000
0000000001110000
0000000001111000

1111100000000000
1111100000000000
1111100001000000
1111000001100000
1110000001100000
0000000011110000
0000000001110000
0000000000110000
0000000000110000
0000000001110000
0000000001110000
0000000001111000

1111100000000000
1111100000000000
1111100001000000
1111000001100000
1110000001100000
0000000011110000
0000000001110000
0000000000110000
0000000000110000
0000000001110000
0000000001110000
0000000001111000

1111100000000000
1111100000000000
1111100000000000
1111000001100000
1110000000110000
0000000011110000
0000000000110000
0000000000110000
0000000000110000
0000000001110000
0000000001110000
0000000001111000

1111100000000000
1111100000000000
1111100000000000
1111000001110000
1110000000110000
0000000001110000
0000000000110000
0000000000110000
0000000000110000
0000000000110000
0000000001111000
0000000001111000

1111110000000000
1111100000000000
1111100000000000
1111000000001100
1110000000011000
0000000000011100
0000000000011100
0000000000011100
0000000000011100
0000000000011100
0000000000011110
0000000000111110

1111111100000000
1111111100000000
1111111100000000
1111111000000000
0111110000000000
0000000000000000
0000000000000000
0000000000000000
0000000000000000
0000000000000000
0000000000000001
0000000000000001

0000011111111100
0000011111111100
0000011111111000
0000001111111000
0000000111100000
0000000000000000
0000000000000000
0000000000000000
0000000000000000
0000000000000000
0000000000000000
0000000000000000

0000000000111111
0000000000011111
0000000000011111
0000000000011111
0001100000000111
0000100000000000
0000110000000000
0000110000000000
0000110000000000
0001110000000000
0000110000000000
0001110000000000

0000000000000111
0000000000000111
0000000000000111
0000000000000011
0000000110000001
0000000110000000
0000000110000000
0000000110000000
0000000110000000
0000000110000000
0000000110000000
0000000111000000

0000000000000111
0000000000000111
0000000000000111
0000000000000011
0000000110000001
0000000110000000
0000000110000000
0000000110000000
0000000110000000
0000000110000000
0000000111000000
0000000111000000

0000000000000111
0000000000000011
0000000000000011
0000000110000001
0000000110000000
0000000010000000
0000000111000000
0000000111000000
0000000111000000
0000000111000000
0000000111000000
0000000111000000

0000000000000000
0000000000000000
0000000010000000
0000000111000000
0000000111000000
0000000011000000
0000000111000000
0000000111000000
0000000111000000
0000000111000000
0000000111000000
0000000111000000

0000000000000000
0000000000000000
0000000111000000
0000000111100000
0000000111100000
0000000011100000
0000000011100000
0000000111100000
0000000111100000
0000000111100000
0000000111100000
0000000111100000

0000000000000000
0000000000000000
0000000111000000
0000000111100000
0000000111100000
0000000011100000
0000000011100000
0000000111100000
0000000111100000
0000000111100000
0000000111100000
0000000111100000

0000000000000000
0000000001110000
0000000011111000
0000000111111000
0000000111111000
0000001111111000
0000011111110000
0001111111110000
0011111111111000
1111111111111100
1111111111111110
1111111111111111

0000000000000000
0000000000000000
0000000000000000
0000000000000000
0000000000000000
1111000000000000
1111000000000000
1111000000000000
1111100000000000
1111100000000000
1111100000000000
1111000000000000

0000000000000011
0000000000000001
0000000000000000
0000000011000000
0000000011100000
0000000111100000
0000000111000000
0000000111000000
0000011110000000
0000011110000000
0000111111000000
0001111111000000

0000111111111111
0000111111111111
0000111111111111
0000111111111111
0000011111111111
0000011111111111
0000001111111111
0000000111111111
1100000011111111
1110000001111111
1110000000011111
1100000000000011

1111111111111111
1111111111111111
1111111111111111
1111111111111111
1111111111111111
1111111111111111
1111111111111111
1111111111111111
1111111111111111
1111111111111111
1111111111111111
1111111111111111

1111111111111111
1111111111111111
1111111111111111
1111111111111111
1111111111111111
1111111111111111
1111111111111111
1111111111111111
1111111111111111
1111111111111111
1111111111111111
1111111111111111

1111111111111111
1111111111111111
1111111111111111
1111111111111111
1111111111111111
1111111111111111
1111111111111111
1111111111111111
1111111111111111
1111111101111111
1100111001111011
1100111001111011

1111111111111111
1111111111111111
1111111111111111
1111111111111111
1111111111111111
1111111111111111
1111111111111111
1111111111111111
1111111111111111
1101111101111011
1100111100111001
1100111101111011

1111111111111111
1111111111111111
1111111111111111
1111111111111111
1111111111111111
1111111111111111
1111111111111111
1100111001111011
1110111011111001
1100111011111001
0000111001111011
1100111001111001

1111111111111111
1111111111111111
1111111111111111
1111111111111111
1111111111111011
1110111101110011
1110111001110111
0000111101110111
1100111001110011
1110011101110011
1110111101111111
1110111101110111

1111111111111111
1111111111111111
1111111111111111
1111011100111011
1111011100111011
1110011110110011
0000011100110011
1110011100110011
1110011111110011
1111011100111111
1110011111110011
1001111111111011

1111111111111111
1111111111111111
1111111110111001
1110111100111000
1110011100111101
1000011100111001
1100011100111001
1110011111111011
1111011100111111
1011011111111001
1100111111111111
1110111111111111

1111111111111111
1110111101111111
1110111001111011
1110111001110001
0000111001110011
1000111001110011
1100111111110011
1110111001111111
1110011111110011
1010111111111011
1100111111111111
1110111111111111

1111111111111111
1111001111001111
1111001111001111
1111001100001111
1111101110011111
1111101111011111
1111001110011111
1111001110001111
1111111111011111
1111001111111111
1111101110011111
1111111110011111

1110001111111111
1110001011111111
1110000001111111
1000000011111111
1000000111111111
1000001111111111
1111001111111111
1111001111111111
1110001111111111
1110000111111111
1110000111111111
1100000111111111

1111110111111111
1111100011111111
1111100011111111
1111100011111111
1111100001111111
1111000000000011
1111000010001111
1111100011111111
1111100011111111
1111100011111111
1111100001111111
1111100001111111

1111111111101111
1111111100000111
0111111100000111
0011111110000111
0011111000000111
0001111000000111
0011111110001111
0011111110001111
1001111110001111
0001111110001111
0001111110000111
0001111100000111

1111111111111111
1111111111111111
1111111101111111
1111111000100111
1111111100001111
1111111100001111
1111111100011111
1111111110011111
1111111100111111
1111111100011111
1111111100011111
1111111100011111

1111111111111111
1110011111111111
1100011111111110
1100001111111100
1100001111111100
1110011111111100
1100001111111000
1100001111111100
1000001111111001
0000001111111000
0000001111111000
0000000111111000

1111111111111111
1111111001111111
1111110000111110
1111111000111110
1111111000111111
1111111001111110
1111110001111111
1111110001111111
1111000001111111
0000000001111111
0000000000111110
1100000000000110

1111111111111111
1111111110011111
1111111100011111
1111111100001111
1111111100011111
1111101100011111
1111101100011111
1111100000001111
1111100000001111
1111111000011111
0001111100011111
0000000000011111

1111111111111111
1111111111111111
1111111111111111
1111111111111111
1111111111111111
1111111111111111
1111111111111111
1111111111100011
1111111111100001
1111111111111001
1111111111111000
1111111111111100

1111111111111111
1111111111111111
1111111111111111
1111111111111111
1111111111111111
1111111111111111
1111111001111111
1111100000011111
1110000000000111
1110000000000111
1111000000001111
1111000000001111

1111111111111111
1111101000011111
1111100000001111
1111000000000111
1111000000000111
1111000000000111
1111000000000011
1111100000000111
1111100000000111
1111110000010111
1111111000110111
1111111001111111

0000000000000000
0000000000000000
0000000000000000
0000000000000000
0000110000110000
0000111001110000
0000111111110000
0000111111110000
0000111111110000
0000111111110000
0001111111111000
0000111111110000

0000001111111100
0000011111111100
0010111111111100
0001111111111100
0001111111111100
0001111111111100
0000111111111100
0000000000001110
0000000000000100
0000000000000000
0000000000000000
0000000000000001

1111111111111111
1111111111111111
1111111111111111
1111111111111111
1111111111111111
1111111111111111
1111111001111111
1111000000001111
1111000000000111
1110000000000111
1110000000000011
1110000000000011

0000110000001000
0000110000011000
0000110000111000
0000011000110000
0000011001100000
0000011001000000
1000001001000000
1000001111000000
1000011111100000
1100011111100000
1100111111110000
1000111111110000

0000011011100000
0000001001000000
0000001101000000
0000000111000000
0000001111100000
0000011111110000
0000011111111000
0000011111111000
0000001111111000
0000001111111000
0000001111111000
0000001111111000

0000011110000000
0000001110000000
0000000110000000
0000000111000000
0000001111100000
0000000111100000
0000000111100000
0000000011100000
0000000111100000
0000000111110000
0000001111110000
0000001111110000

0000000000000000
0000000000000000
0000000000000000
0000000001000000
0000000011000000
0000000011110000
0000000011100000
0000000011100000
0000000011100000
0000000111100000
0000000011000000
0000000001000000

0000000000000000
0000000000000000
0000000000000000
0000000000001000
0000000000001100
0000000000001100
0000000000001100
0000000000001100
0000000000001100
0000000000001100
0000000000001100
0000000000010100

0000000000000000
0000000000000000
0000000000000000
0000000000000000
1000000000000000
0100000000000001
0010000000000000
1010000000000000
1000000000000000
0000000000000000
0000000000000000
0000000000000000

0000010000000000
0000011000000000
0000011000000000
0000011100000000
0000011110000000
0000011110000000
0000111100000000
0000111100000000
0000111100000000
0000000000000000
0000000000000000
0000000000000000

0000010000000000
0000001000000000
0000001000000000
0000001000000000
0000001110000000
1111111111111111
0000000111111000
0000000111100000
0000000111100000
0000000111100000
0000000111100000
0000000011100000

0000011100000111
0000001000000001
0000011100000000
0000011110000001
1101111111100011
1111111111111111
1011101111110011
1011001110000000
1000001111100000
0000011110110001
1000001110111001
1100000111111111

0000111111110111
0000011111100000
0000111111000000
0000011110000000
0000111111000000
0000111111100001
1111111111111111
1101111111111011
1001111111100000
0000000110000000
0000001110000000
0000011111000000

1111111111111111
1111111111111111
0111111111111111
0011111111101110
0001111111111000
0001111111111100
0001111111111110
0011111111111110
0111111111111110
1111111011111111
1101111001110001
1101111001100000

1111111111111111
1111111111111111
1111111111111111
1111111111111111
1111111111111111
1111111011111111
1111111011111110
0111111011111111
0111111001111111
0111111001111111
1111111011111111
1111111011111111

1111111111111111
1111111111111111
1111111111111111
1111111111111111
1111111001111111
1111111001111111
1111111001111111
1111111001111111
1111111001111111
1111111101111111
1111111101111111
1111111111111111

1111111111111111
1111111111111111
1111111111111111
1111111111111111
1111111100111111
1111111000111111
1111111100111111
1111111100111111
1111111100111111
1111111100111111
1111111100111111
1111111100111111

1111111111111111
1111111111111111
1111111111111111
1111111111011111
1111111100001111
1111111100001111
1111111100001111
1111111100001111
1111111010011111
1111111000011111
1111111000011111
1111111110001111

1111111111111111
1111111111111111
1111111111000111
1111111111000011
1111111111000011
1111111011000011
1111111001000011
1111111100000011
1111111000000011
1111111000000011
1111111000000011
1111110000000011

1111111111111111
1111111111111111
1111111111001111
1111111110000111
1111111110000011
1111111111000011
1111111011000011
1111111010000011
1111111000000011
1111111000000011
1111111000000011
1111111000000011

1111111111111111
1111111111111111
1111111111001111
1111111110000111
1111111110000011
1111111110000011
1111001111000011
1111100110000111
1111100000000111
1111100000000111
1111100000000011
1111100010000011

1110011111111111
1110011111111111
1100011111001111
1100111110000111
1110111110000111
1110111110000011
1100011011000111
1100001010000111
1000000000000111
1000000000000111
1100000010000011
1110000110000011

1111111011111111
1111110001111111
1111110000111111
1111110000011111
1111110000011111
1111110000011111
1111100000011111
1111000000011111
1110000000011111
1111000000011111
1111110000011111
1111111000011111

1111111110111111
1111111100011111
1111111000011111
1111111100011111
1111111100011111
1111111100111111
1111111000011111
1111111000000111
1111110000000011
1111110000000011
1111110000001111
1111111110111111

1111111111111000
1111111111111000
1111111111111000
1111111111110100
1111111111110100
1111111111111100
1111111001110110
1111111001111100
1111111111111100
1111111111111000
1111111111110000
1111111111110000

1111111111111111
1111111111111111
1111111111111111
1111111111111111
1111111011111111
1111111011111111
1111111011111111
1111111011111111
1111111011111110
1111111111111111
1111111111111111
1111111111111111

1111111111111111
1111111111111111
1111111111111111
1111100111111111
1111100111111111
1111100111111111
1111100111111111
1111100111111111
1111100111111111
1111100111111111
1111100111111111
1111100111111111

1111111111111111
1111111111111111
1111001111111111
1111001111111111
1111001111111111
1111001111111111
1111001111111111
1111001111111111
1111001111111111
1111001111111111
1110001111111111
1110000111111111

1111111111111111
1111111111111111
1111001111111111
1111001111111111
1111001111111111
1111001111111111
1111001111111111
1111001111111111
1111001111111111
1111001111111111
1111001111111111
1110000111111111

1111111111111111
1111111111111111
1111011111111111
1111001111111111
1111001111111111
1111001111111111
1111001111111111
1111001111111111
1111001111111111
1110001111111111
1110001111111111
1110001111111111

1111111111111111
1111111111111111
1111101111111111
1111101111111111
1111101111111111
1111001111001111
1111001111001111
1111001110000111
1111001111101111
1111001111101111
1110001111000111
1110000111101111

1111111111111111
1111111111111111
1111101111111111
1111101111111111
1111101111111111
1111001111001111
1111001110001011
1111001111001111
1111001111101111
1111001111101111
1111000111001111
1111000111101111

1111111111111111
1111111111111111
1111111111111111
1111001111111111
1111001111111111
1111001111001111
1111001111000111
1111001111101111
1111001111001111
1110001111000111
1110001111001111
1110001111001111

1111111111111111
1111111111111111
1111111111111111
1111001111111111
1111001111111111
1111001111100111
1111001111100111
1111011111101111
1110001111001111
1110001111001111
1110001111001111
1110001111101111

1111111111111111
1111111111111111
1111011111111111
1111001111111111
1111001111111111
1111001111100111
1111001111100111
1111001111001111
1110001111001111
1110001111001111
1110001111001111
1110001111001111

1111111111111111
1111000111111111
1111000011111111
1111000011011111
1111000110001111
1111100000000111
1111000010000111
1111000010011111
1111000010011111
1111000000001111
1110000100001111
1110000100001111

1111111111111111
1111000111111111
1111000011111111
1111000010001111
1111000000001111
1111100000001111
1111000000000111
1111000000011111
1111000000011111
1111000000011111
1111000000011111
1110000000011111

1111111111111111
1111111111111111
1111111111111111
1000000011111111
1000000000000011
1100000000000011
1100000000000001
1000000000000111
1000000000000111
1000000000000111
1111111111111111
1111111111111111

1111111111111111
1111111111111111
1111111111111111
1111111111111111
1111111111111111
1111111111111111
1111111111111111
1111111111111111
1111111111111111
1111111111111111
1111111111111111
1111111111111111

1111111111111111
1111111111111111
1111111111111111
1111110000111111
1111100010001111
1110001111000111
1100001111000011
1111000110001111
1111110000011111
1111111111111111
1111111111111111
1111111111111111

1111111111111111
1111111111111111
1111111111111111
1111111111111111
1111111111111111
1111000110000111
1100001111000011
1111110110011111
1111111111111111
1111111111111111
1111111111111111
1111111111111111

1111111111111111
1111111111111111
1111000000000001
1000000000000000
0000000111000000
0000001111100000
0000001111100000
0000000111000000
0000000000000111
1111111111111111
1111111111111111
1111111111111111

1100000001111111
1000000000011111
0000000000001111
0000000000000111
0000000000000111
0000011110000011
0000011111000011
0000111111000011
0000111111000111
0001110000000111
0001110000001111
0000100000011111

0000001111000000
0000001111000000
0000000110000000
0000000110000000
0000000000000000
0000000000000000
0000000111000000
0000000111000000
0000000110000000
0000000110000000
0000000110000000
0000000110000000

0000000110000000
0000000110000000
0000000110000000
0000000000000000
0000000000000000
0000000110000000
0000001111000000
0000000110000000
0000000110000000
0000000100000000
0000001110000000
0000000110000000

0000000110000000
0000000110000000
0000000000000000
0000000000000000
0000000110000000
0000001111000000
0000000100000000
0000000110000000
0000000100000000
0000001110000000
0000000110000000
0000000000000000

0000000110000000
0000000110000000
0000000000000000
0000000010000000
0000000111000000
0000000111000000
0000000010000000
0000000010000000
0000000110000000
0000000111000000
0000000000000000
0000000000000000

0000000000000000
0000000000000000
0000000000000000
0000000010000000
0000000111000000
0000000111000000
0000000010000000
0000000110000000
0000000110000000
0000000110000000
0000000000000000
0000000000000000

0000000000000000
0000000000000000
0000000010000000
0000000111100000
0000001111110000
0000001111100000
0000000110000000
0000000110000000
0000000110000000
0000000110000000
0000001110000000
0000001111000000

0000001100011110
0000001111111110
0000000111111110
0000000111111110
0000000011111110
0000001011111111
0000000011100111
0000001011100001
0000001111110000
0000000111110000
0000000111110000
0000000111111000

0000001111111111
0000000111111111
0000000011111111
0000000111111111
0000000111111111
0000011111101111
0000111111100011
0000001111110001
0000001111110000
0000001111110000
0000001111111000
0000000111111000

0000000011111111
0000000001111111
0000000001111111
0000000011111111
1100000011111111
1100000001111011
1111100011111000
1111111111111000
1110000001111100
1100000011111100
0000000101111100
0000000001111100

0000001000000000
0000011100000000
0000011110000000
0000111111000000
0000111111000000
0000111111111111
0000111111111111
0000111111110000
0000111111000000
0000011110000000
0000011110000000
0000001100000000

0000000000001111
0000000000000111
0000000000000001
0000000100000000
0000000100000000
0000001100000000
0000001100000000
0000001100000000
0000000000000000
0000000000000000
0000000000000000
0000000000000000

0000000000000000
0000000000000000
0000000000000000
0000000100000000
0000000100000000
0000000100000000
0000000100000000
0000001110000000
0000001110000000
0000000000000000
0000000000000000
0000000000000000

0000000000000000
0000000000000000
0000000000000000
0000000110000000
0000000110000000
0000001110000000
0000001110000000
0000001110000000
0000001110000000
0000001110000000
0000001111000000
0000001110000000

0000000000000000
0000000000000000
0000000001000000
0000000011000000
0000000011000000
0000000111000000
0000000111000000
0000000011000000
0000000011100000
0000000111100000
0000000111100000
0000000111000000

0000000000000000
0000000000000000
0000000110000000
0000000011000000
0000000111100000
0000000111000000
0000000110000000
0000001111000000
0000001111100000
0000001110000000
0000000010000000
0000000010000000

0000000000000000
0000000000000000
0000001000000000
0000001100000000
0000001100000000
0000011110000000
0000011100000000
0000011100000000
0000111110000000
0011111110000000
0011111111000000
0000111110000000

0000000000000000
0000000000000000
0000001110000000
0000001110000000
0000001110000000
0000000111000000
0000001111000000
0000001111000000
0000001111000000
0000001111000000
0000011111000000
0000011111000000

0000000000000000
0000000000000000
0000001111100000
0000001111100000
0000000111100000
0000000111100000
0000000111100000
0000001111100000
0000001111100000
0000001111100000
0000001111110000
0000001111110000

0000000000000000
0000000100000000
0000001111100000
0000000111110000
0000000111100000
0000001111000000
0000111111000000
0001111111000000
0001111111100000
0000001111100000
0000000111100000
0000001111100000

0000000000000000
0000000000000000
0000001111000000
0000011111000000
0000001111000000
1000000111000000
1000000111000000
0100111111000000
0111111111100000
0011001111100000
0000001111110000
0000001111110000

0000000000000000
0000000000011100
0000000000111110
0000000001111110
0000000001111110
0000000000111110
0000000000111110
0000000001111110
0000000011111111
0000000011111111
0000000011111111
0000000001111111

0000000000000000
0000000010000000
0000001111000000
0000001111000000
0000001111000000
0000001111000000
0000001111000000
0000011111000000
0000111111100000
0000111111100000
0000111111100000
0000011111100000

0000000000000000
0000000000000000
0000011111000000
0000011111000000
0000011111000000
0000001110000000
0000001111000000
0000011111000000
0000111111000000
0001111111000000
0001011111000000
0000111111000000

0000000000000000
0000000000000000
0011111100000000
0011111110000000
0001111100000000
0001111100000000
0001111100000000
0001111100000000
0011111100000000
0111111110000000
1111111110000000
1111111100000000

1110000000001111
1111000000011111
1111110000111111
1111100000111111
1111100000011111
1111000000001111
1111000000000111
1110000000000111
1000000000000011
1100000000000111
1110000000000111
1111000000001111

1110000000011111
1111000000111111
1111100000111111
1111100000111111
1111000000011111
1111000000001111
1111000000001111
1111000000001111
1110000000001111
1110000000000111
1110000000001111
1111000000001111

1111000000111111
1110000000111111
1110000000011111
1110000000011111
1110000000011111
1111000000011111
1111000000011111
1111100000011111
1111100000011111
1111100010011111
1111100010011111
1111100011001111

1101111111111111
1000111111111111
1000011111111111
1100011111111111
1100000000111111
0000000000001111
0000000000000111
0000110000000011
0000110000000011
0000111000001111
0000011000001111
0000011110000111

1111111111111111
1111100011111111
1111100001111111
1111100001111111
1111100001111111
1111110000011111
1000110000000011
1100000000000001
1100000000000000
1110000011000000
1111000011000000
1111000001100000

1111111111111111
1111111100011111
1111111100001111
1111111100001111
1111111110001111
1111111110000001
1111100110000000
1111100010000000
1111110000001000
1111111000011000
1111111100001100
1111111100001100

1111111111111111
1111111100011111
1111111100001111
1111111100001111
1111111100001111
1111111110000001
1111101110000000
1111100010000000
1111110000001000
1111111000011000
1111111100001100
1111111100001100

1111111111011111
1111111110001111
1111111100001111
1111111100000111
1111111110000111
1111111111000001
1111011110000000
1111100010000000
1111100000000000
1111111000011100
1111111100001100
1111111100001110

1111111111101111
1111111111001111
1111111110000111
1111111110000111
1111111110000111
1111111111000001
1111110010000000
1111011000000000
1111100000000000
1111110000011000
1111111100001100
1111111100001100

1111111111100111
1111111111000111
1111111110000011
1111111110000011
1111111110000011
1111110011000001
1111111010000000
1111110000000000
1111110000000000
1110011110001100
1111001110001100
1111100000001100

1111111111111100
1111111111111000
1111111111110000
1111111111110000
1111111111110000
1111111110110000
1111111100111000
1111111100111100
1111111000111110
1111111001111110
1111111001110000
1111111100100000

1011111111111111
0111111111111111
1111111111111111
1111111111111111
1111111111111111
1111111111111111
1111111111111111
1111111111111111
1111111111111111
1111111111111111
1111111111111111
1111111111111111

1111111111111111
1111111111111111
1111111111111111
1111111111111111
1111111111111111
1111111111111111
1111111111111111
1111110111111111
1111111000111111
1111111111000111
1111111111111111
1111111111111111

1111111111111111
1111111111111111
1111111111111111
1111111111111111
1111110011111111
1111111001111111
1111111100111111
1111111110001111
1111111111000111
1111111111000000
1111111111100000
1111111111110000

1111111111111111
1111111111110001
1111001111110011
1111100000000111
1111111000000111
1111111000001111
1111111000001111
1111111000001111
1111111000011111
1111111000001111
1111111000001111
1111111000001111

1111111011111111
1111111011111111
1111110001111111
1111110001111111
1111100001111111
1111110000111111
1111110000111111
1111000000111111
1110000000011111
1100000000011111
1100010000001111
1110110000101111

1111111111111111
1111111111011111
1111111110111111
1111111000011111
1100000000011111
1000000000111111
1100001000111111
1111010001111111
1111000000111111
1111110000011111
1111100001011111
1111100000011111

1111111111111111
1111111111110111
1110001111101111
1110000100001111
1110000000001111
1111000000001111
1111001100011111
1111100000011111
1111100000011111
1111111000011111
1111111001001111
1111111001001111

1111111111111111
1111111111111111
1110001111110111
1110000100001111
1110000000001111
1111000000001111
1111001100011111
1111101000011111
1111100000011111
1111111000011111
1111111000001111
1111111000011111

1111111111111111
1111111111111111
1110001111110011
1110000110001111
1110000000000111
1111100000001111
1111001100001111
1111101000011111
1111100000011111
1111110000011111
1111110001001111
1111110001001111

1111111111111111
1111111111111111
1111000111111011
1110000111100111
1111000000001111
1111100000000111
1111101100001111
1111101000011111
1111100000011111
1111110000011111
1111110001001111
1111110001001111

1111111111111111
1111111111111111
1111000111111111
1110000111110011
1111000000000111
1111100000000111
1111101100000111
1111101100011111
1111100000011111
1111110000011111
1111110001011111
1111110001001111

1111001111111111
1111000111111111
1111000011111111
1111100011111101
1111000010000011
1111101110000011
1111101100000111
1111110000001111
1111111000001111
1111111000011111
1111111000011111
1111111001001111

1111100011111111
1111100011111111
1111100001111111
1111100001110111
1111101100001111
1111101100000111
1111110000001111
1111111000001111
1111111000011111
1111110000011111
1111100000011111
1111101000011111

1111100001111111
1111110001111111
1111100001111111
1111100001110111
1111101100001111
1111100100000011
1111110000000111
1111111000001111
1111111000011111
1111110000011111
1111110000011111
1111100000011111

1111100001111111
1111000000111111
1111000000111111
1111001001111111
1111001111001111
1111001110000000
1111100100000001
1111110000000001
1111111000000000
1111111000000001
1111111000000011
1111110000001111

0000100000001111
0000110000011111
0000111001111101
0000111101110000
0000111111100000
0000111111000000
0100011110000000
0110001100000000
0110000000000000
0111000000000000
0111100000000000
0111110000000000

1111111000011111
1111111111111111
1111111111111111
1111111111111111
1111111111111111
1111111101111111
1111111111111111
1111111111111111
1111111111111100
1111111111111000
1111111111110000
1111111111110000

1111111111111111
1111111111111111
1111111111111111
1111111111111111
1111111111111111
1111111111111111
1111111001111111
1111111001111111
1111111111111111
1111111111111111
1111111111111111
1111111111111111

1111111111111111
1111111111111111
1111111111111111
1111111111111111
1111111111111111
1111111111111111
1111111111111111
1111111101111111
1111111001111111
1111111101111111
1111111111111111
1111111111111111

1111111111111111
1111111111111111
1111111111111111
1111111111111111
1111111111111111
1111111111111111
1111111111111111
1111111001111111
1111111001111111
1111111001111111
1111111111111111
1111111111111111

1111111111111111
1111111111111111
1111111111111111
1111111111111111
1111111111111111
1111111111111111
1111111001111111
1111111001111111
1111111001111111
1111111001111111
1111111001111111
1111111111111111

1111111111111111
1111111111111111
1111111100111111
1111111100011111
1111111110111111
1111111000111111
1111111000111111
1111111000111111
1111111000011111
1111111100011111
1111111100001111
1111111000001111

1111111111111111
1111111110111111
1111111100011111
1111111110011111
1111111110011111
1111110110011111
1111110000111111
1111110000111111
1111110000011111
1111111100011111
1111111100001111
1111111100001111

1111111111111111
1111111100011111
1111111100011111
1111111100011111
1111111110011111
1111110110011111
1111110100011111
1111110000111111
1111110100111111
1111110000011111
1111110100001111
1111111100001111

1111111111011111
1111111110000111
1111111110000111
1111111110000111
1111111110000111
1111111110001111
1111101100011111
1111101100011111
1111100000011111
1111100000011111
1111100100011111
1111100100001111

1111111110000011
1111111111000011
1111111110000011
1111111111000011
1111111111000011
1111111110000111
1111111110001111
1111101100001111
1111101110001111
1111001100001111
1111000000001111
1111000100000111

1111111111100001
1111111111100001
1111111111100001
1111111111000011
1111111111000011
1111111111000111
1111111111000111
1111100111000111
1111100110000111
1111100100000011
1111100000000011
1111100011000001

1111111111111000
1111111111110000
1111111111111000
1111111111110000
1111111111100000
1111110011000000
1111110000001000
1111110000010000
1111110000010000
1111111100000000
1111111100000000
1111111100000000

1111111111111111
1111111111111111
1111111011111111
1111111000111111
1111111000011111
1111111100000010
1111111110000011
1111111111100111
1111111111111111
1111111111111111
1111111111111111
1111111111111111

1111111111111111
1111111111111111
1111111111111111
1111111111111111
1111111111111111
1111111111111111
1111111111111111
1111100011111111
1111110000011111
1111111000011111
1111111110011111
1111111111111111

1111111111111111
1111111111111111
1111111111111111
1111111111111111
1111110111111111
1111110111111111
1111110011111111
1111111000011111
1111111100011111
1111111100111111
1111111100111111
1111111111111111

1111111111111111
1111111111111111
1111110011111111
1111110011111111
1111111001111111
1111111001111111
1111111001111111
1111111000111111
1111110000111111
1111111101111111
1111111101111111
1111111111111111

1111111111111111
1111111001111111
1111111001111111
1111110001111111
1111111000111111
1111111000111111
1111111000111111
1111110000111111
1111110000011111
1111111011111111
1111110011111111
1111110111111111

1111111111111111
1111111011111111
1111110000111111
1111111000111111
1111111000111111
1111111000011111
1111100000011111
1111111000011111
1111111000111111
1111111000011111
1111111000001111
1111110000000111

1111111111111111
1111111111111111
1111111111111111
1111111100011111
1111111100011111
1111011100001111
1111100110000111
1111110000000111
1111111110000011
1111111110000001
1111111000000011
1111111111000111

1111111111111000
1111111111110000
1111111111110000
1111111111110000
1111110111111000
1111111000100000
1111111110000000
1111111111111000
1111111111111100
1111111111111100
1111111111111100
1111111111111100

1111001111111111
1111000111111111
1111110001111111
1111111000010000
1111111110000000
1111111111100000
1111111111111100
1111111111111111
1111111111111111
1111111111111111
1111111111111111
1111111111111111

1111111111111111
1111111111111111
1111111111111111
1111111111111111
1111111111111111
1111111111111111
1111111111111111
1111110111111111
1111110001111111
1111110000011111
1111111100000001
1111111111000000

1111100000000000
1111100000000111
1111100000111111
1111110001111111
1111111101111111
1111111001111111
1111111011111111
1111110111111111
1111101111111111
1111111111111111
1111111111111111
1111111111111111

1111111001111111
1111110001111111
1111110001111111
1111110011111111
1111110011111111
1111110111111111
1111110111111111
1111111111111111
1111111111111111
1111111111111111
1111111111111111
1111111111111111

1111111111111111
1111110001111111
1111110001111111
1111110011111111
1111110011111111
1111110011111111
1111110011111111
1111111011111111
1111111111111111
1111111111111111
1111111111111111
1111111111111111

1111111011111111
1111110001111111
1111100000111111
1111000000011111
0000000000000000
0000000000000000
0000000000000000
0000000000000000
0000000000000000
0000000000000000
0000000000000000
0000000100000000

0000000000000000
0000000000000000
0000000000000000
0000000000000000
0000000000000000
0000000000000000
0000000000000000
0000000000000000
0000000000000000
0000000000000000
0000000000000000
0000000000000000

0000000000000000
0000000000000000
0000000000000000
0000000000000000
0000000000000000
0000000000000000
0000000000000000
0000000000000000
0000000000000000
0000000000000000
0000000000000000
0000000000000000

0000000000000000
0000000000000000
0000000000000000
0000000000000000
0000000000000000
0000000000000000
0000000000000000
0000000000000000
0000000000000000
0000000000000000
0000000000000000
0000000000000000

0000000000000000
0000000000000000
0000000000000000
0000000000000000
0000000000000000
0000000000000000
0000000000000000
0000000000000000
0000000000000000
0000000000000000
0000000000000000
0100000000000000

0000000000000000
0000000000000000
0001100000000000
0111110000000000
0111110000000000
0111110000000000
0111100000000000
0011000000000000
0011000000000000
0111000000000000
1111100000000000
0001000000000000

0000000000000000
0000111110000000
0001111110000000
0011111110000000
0011111100000000
0001111000000000
0000111000000000
0000110000000000
0001110000000000
0011110000000000
0111110000000000
0111110000000000

0000010000000000
0001111000000000
0011110000000000
0011111000000000
0111110000000000
0110011000000000
0000011100000000
0000011000000000
0000111000000000
0011111000000000
0111111000000000
0001111000000000

0000000000000000
0000111000000000
0001111000000000
0011111000000000
0011111000000000
0011011000000000
0000011100000000
0000001100000000
0000011000000000
0000111100000000
0011111100000000
0001111100000000

0000000110000000
0000011110000000
0000111100000000
0001111100000000
0001101000000000
0000001100000000
0000001110000000
0000001100000000
0000011100000000
0001111100000000
0001111100000000
0000111100000000

0000000000000000
0000000000000000
0000000000000000
0000001111110000
0000001111111000
0000000111111000
0000000111111000
0000000110010000
0000001110000000
0000011110000000
0000111110000000
0000111110000000

0000000000000000
0000000000000000
0000000010000000
0000000110000000
0000000110000000
0000000010000000
0000000010000000
0000000011000000
0000000111011000
0000001111000000
0000011111000000
0000011111000000

0000000000000000
0000000000000000
0000000000000000
0000000011000000
0000000011100000
0000000011010000
0000000011000000
0000000011000000
0000000111000000
0000001111000000
0000011111000000
0000011111000000

0000000000000000
0000000000000000
0000000010000000
0000000011000000
0000000010000000
0000000011000000
0000000011000000
0000000011000000
0000000011000000
0000000111100000
0000001111100000
0000001111100000

0000000000000000
0000000011000000
0000000111100000
0000000011100000
0000000011100000
0111111111100000
1110000011110000
0000000001110000
0000000001110000
0000000000111000
0000000001111000
0000000001111000

0000000000000000
0000000000000000
0000000000000001
0000000000000001
0000000000000000
0000000000110000
1111111111111111
0000000000000000
0000000000000000
0000000000000000
0000000000000000
0000000000000000

0000000000100000
0000000000100000
0000000000000000
0000000000000000
0000000000000000
0000000000000000
0000000001110000
1111111111111111
0000111111111111
0000000000000000
0000000000000000
0000000000000000

0000000111100111
0000000011000111
0000000011001110
0000000111001110
0000001110011110
0000011110011100
0000111100111100
0000111000111100
0001111101111000
1111111111111100
0001110000111111
0000000000100001

0000000011111110
0000000111111111
0000000001101111
0000000001001111
0000000001001111
0000000011001011
0000000011011011
0000000111111011
0011111000011111
1100000000000111
0000000000000111
0000000000000111

0000000000001111
0000000000011111
0000000000011110
0000000000011110
0000000000111110
1111111100111110
1100000001111110
1100000000111011
1100000000111110
1000000000111100
1100000001111110
1100000001111110

0000000000000000
0000000000000000
0000000000110000
0000000001110000
0111100011110000
0110000001110000
0110000000111000
0110000000111110
0110000000111100
0010000000110001
0010000001100000
0011000001110000

0000000000000000
0000000110000000
0000000111000000
0000001110000000
1011001110000000
1100000111100000
1100000011111000
1100000011110000
0100000010000000
0100000111000010
0110000111000001
0110001111000000

0000000000000000
0000000000000000
0000001110000000
0000001110000000
0000011110000000
1110000110000000
1000000111100000
1000000111111000
1000000111100000
1000000110000000
1100001110000010
1100001110000001

0000000000000000
0000001110000000
0000001110000000
0000011110000000
0000011110000000
1111111110000000
0000001111000000
0000000111100000
0000000111111000
0000000111111100
0000000110000010
0000001110000000

0000001000000000
0000011110000000
0000111110000000
0000111110000000
0000111100000000
1111111100000000
0000011100000000
0000011111100000
0000001111110000
0000001111101000
0000001111111100
0000001110010010

0000001000000000
0000111110000000
0000111110000000
0000111100000000
1111111100000000
0001111100000000
0000111110000000
0000011111100000
0000001111110000
0000001111111000
0000001111111100
0000001110010010

0000000000000000
0000011111000000
0000011111000000
0000011110000000
1111111110000000
0000111110000000
0000011110000000
0000001111100000
0000001111110000
0000001111101000
0000001111111100
0000001111111010

0000000011100000
0000000111111000
0000000111110000
0011000111110000
1100111111100000
0000000111100000
0000000011110000
0000000011111000
0000000011111100
0000000011111111
0000000011111111
0000000011110110

1000000000111111
1111111111111111
1110000000111111
1100000000011111
1100000000011111
1100000000011111
1000000000011111
1000000000011111
1000000000011111
1000000000011111
1000000000011111
1000000000011110

1111000000000001
1110000000000000
1110000000000000
1110000000000000
1110000000000000
1100000000000000
1100000000000000
1100000000000000
1100000000000000
1100000000000000
1100000000000001
1110000000000001

0111000000000000
0111000000000000
0111000000000000
0011000000000000
0011100000000000
0011100000000000
0001100000000000
0001100000000000
0000100000000000
0000010000000000
0000000000000000
0000000000000000

0000011000000000
0000011000000000
0000001000000000
0000000100000000
0000000000000000
0000000000000000
0000000000000000
0000000000000000
0000000000000000
0000000000000000
0000000000000000
0000000000000000

0000000000000000
0000000000000000
0000000000000000
0000000000000000
0000000000000000
0000000000000000
0000000000000000
0000000000000000
0000000000000000
0000000000000000
0000000000000000
0000000000000000

0000000000000000
0000000000000000
0000000000000000
0000000000000000
0000000000000000
0000000000000000
0000000000000000
0000000000000000
0000000000000000
0000000000000000
0000000000000000
0000000000000000

0000000000000000
0000000000000000
0000000100000000
0000000100000000
0000000000000000
0000000000000000
0000000000000000
0000000000000000
0000000000000000
0000000000000000
0000000000000000
0000000000000000

0000000000000000
0000000000000000
0000000000000000
0000000000000000
0000000000000000
0000000110000000
0000001111000000
0000001111000000
0000011111100000
0000011111100000
0000000000000000
0000000000000000

0000000000000000
0000000000000000
0000000000000000
0000000000000000
0000000000000000
0000000000000000
0000000000000000
0000000000000000
0000101001010000
0001000000001000
0001000000001000
0000100000010000

0000000000000000
0000000000000000
0000000000000000
0000000000000000
0000000000000000
0000000000000000
0000000000000000
0000000000000000
0000000110000000
0000000110000000
0000100110010000
0001000000001000

0000000000000000
0000000000000000
0000000000000000
0000000000000000
0000000000000000
0000000000000000
0000000000000000
0000000110000000
0000000110000000
0000000110000000
0000000110000000
0001000110001000

0000000000000000
0000000000000000
0000000000000000
0000000000000000
0000000000000000
0000000000000000
0000000110000000
0000000110000000
0000000110000000
0000000110000000
0000000110000000
0000001111000000

0000000000000000
0000000000000000
0000000000000000
0000000000000000
0000000000000000
0000000110000000
0000000110000000
0000000110000000
0000000110000000
0000000110000000
0000001111000000
0000001111000000

0000000000000000
0000000000000000
0000000000000000
0000000000000000
0000000110000000
0000000110000000
0000000110000000
0000000110000000
0000000110000000
0000000110000000
0000001111000000
0000001111000000

0000000000000000
0000000000000000
0000000000000000
0000000000000000
0000000110000000
0000000110000000
0000000110000000
0000000110000000
0000001111000000
0000001111000000
0000001110000000
0000001111000000

0000000000000000
0000000000000000
0000000000000000
0000001110000000
0000001110000000
0000001100000000
0000001110000000
0000001110000000
0000011111000000
0000111111000000
0000001110000000
0000001111000000

0000000000000000
0000000000000000
0000000000000000
0000011100000000
0000011100000000
0000011100000000
0000001110000000
0000011110000000
0000011111000000
0000110111000000
0001100111000000
0001101111000000

0000000000000000
0000000000000000
0000000100000000
0000011110000000
0000001110000000
0000001110000000
0000001111000000
0000001111100000
0000001111100000
0000011111100000
0000011111100000
0000011111100000

0000000000000000
0000000000001011
0000000000001111
0000000110001111
0000000000001111
0000000000001111
0000000110001111
0000000110011111
0000000110011111
0000000111111111
0000000111111111
0000000111111111

0000111000110000
0000111001110000
0000111001110000
0000111101110000
0000111001110000
0000111001110000
0000111111110000
0000111111110000
0000111111110000
0000111111110000
0000111111110000
0000111111110000

0111111001111110
0111111001011110
0111111000011110
0111111000011110
0111111000111110
0111111000011110
0111110000111110
0111111110111110
0111111111111110
0111111111111110
0111111111111110
0111111111111110

1111111000001111
1111111000011111
1111111000011111
1111111000001111
1111110010001111
1111100110000111
1111101100000111
1111101100000111
1111001111111111
1111011111111111
1111111111111111
1111111111111111

1111100000111100
1111100001111100
1111100000111100
1111100000111100
1111100000011100
1111100000011100
1111010000111100
1111011111111100
1111011111111100
1111111111111100
1111111111111100
1111111111111100

1100111111100000
1100111111100000
1000111111100000
1100111111100000
1000111111100000
1100111111100000
1111111111100000
1111111111100000
1111111111100011
1111111111100011
1111111111100011
1111111111100011

1000111100000000
1001111100000000
1001111100000000
1001111100000000
1001111100000000
1111111100000000
1111111100000000
1111111100000010
1111111100000110
1111111100000111
1111111100000010
1111111100000010

1001111100000000
1001111100000000
1001111100000000
1001111100000000
1001111100000000
1111111100000000
1111111100000000
1111111100000010
1111111100000110
1111111100000110
1111111100000010
1111111100000010

1001111100000000
1001111100000000
1001111100000000
1001111100000000
1001111100000000
1111111100000000
1111111100000000
1111111100000010
1111111100000110
1111111100000110
1111111100000010
1111111100000010

1001111100000000
1001111100000000
1011111100000000
1001111100000000
1001111100000000
1111111100000000
1111111100000000
1111111100000010
1111111100000110
1111111100000110
1111111100000010
1111111100000010

0111111100000000
0111111100000000
0111111100000000
0001111100000000
0011111100000000
0011111100000000
1111111100000000
1111111100000011
1111111100000011
1111111100000111
1111111100000011
1111111100000011

1111111111000000
0000111110000000
0000011110000000
1111111110000000
1111111110000000
1111111100000000
1111111100000000
1111111000000000
1111111000000001
1111111000000011
1111111000000111
1111110000001111

1100000000111110
1110000000011110
1110000000001110
1111000010001110
1111110000000100
1111111100000100
1101111100000000
1101111100000000
1001111111000000
1001110111110000
1001111111111100
1000111111111111

1111000000001111
1111111000000111
1111111100000011
1111111100000011
1111001100000001
0111101100000001
0111111100000001
0111111100100010
0011111100000000
0011111100000000
0001111110000000
0000111111110000

0001111111111111
0011111111111111
0111111111111111
0111111111001111
1111001111001110
1100000011111100
1000000001111100
0000110000110000
0000110000000001
0000000000000001
0000000000000011
0000000000000111

1100000000000000
1000000000000000
1000000000000000
0000000000110000
0001110000010001
0011111100000001
0111111100000011
0111011111000111
1111001111111111
1111111111111110
1111111111111110
1111111111111100

0111111111111110
1111111111111111
1110011111111111
1000000111111111
0000000111100111
0000000011100111
0001100011111111
0001100001111111
0000000000111110
0000000000000000
0000000000000000
1000000000000001

1111110000000001
1111111000000000
1111111100000000
1110011100000000
1110011100000000
1110011100000000
1111111100000000
1111111100011000
1111111100000000
1111111100000000
1111111110000000
1111111111000000

0000000001111111
0000000001111111
0001110001111111
0000100001111111
0000000001111111
0000000011111111
0000000011111111
0000000111111111
0000000111001111
0000000111000111
0000000111101111
0000000111111111

0000000000000000
0111100000000000
1111110000000000
1111111000011100
1111111100011100
1111111100000000
1110111100000000
1100011100000000
1100011110000000
1111111111000000
1111111111100001
1111111111111111

1111111100000000
1111111100000000
1111111100000000
1111111100000000
1111111100000000
1100111100011100
1100111100011100
1111111100000000
1111111100000000
1111111100000000
1111111100000000
1111111100000000

1111000000000000
1111000000000000
1111000000000000
1111000001000000
1111000011100000
1111000001100000
1111000001110000
1111001001111110
1111000000000000
1111000000000000
1111000000000000
1111000000000000

1110000000000000
1110000000000000
1110000000000000
1110000000000000
1110000000000000
1110000001000000
1110000001100000
1110000001111000
1110000000101100
1110000000000000
1110000000000000
1110000000000000

1111000000000000
1111000000000000
1111000000000000
1111000000000000
1111000000010000
0111000000010000
0111000000111000
1111000000011110
1111000000000011
1111000000000000
1111000000000000
1111000000000000

1111111111111100
1111111111111100
1111111111111100
1111111111111100
1111111000111100
1111110000111100
1111111001111100
1111111111111100
1111111111111100
1111111111111100
1111111111111100
1111111111111100

0000011111111111
0000001111111111
0000011111111111
0000011111111111
0000011111111111
1000111111111111
1000011111111111
1000001111001111
1000000000011111
1000000000111111
1000000000111111
1000000000111111

1111111111111111
1111111111111111
1111100011111111
1111100011111111
1111100011111111
1111100111111111
1111100111111111
1111100011001111
1111100000011111
1111100000011111
1111100000011111
1111100010011111

1111100010111111
1111100000011111
1111100000111111
1111100000111111
1111100001111111
1111100001111111
1111110001111111
1111110000001111
1111110000011111
1111110000111111
1111110000011111
1111110000011111

0000000000000000
0000000000000000
0000000000000000
0000000000000000
0000000000000000
0000000000000000
0000000000000000
0000000000000000
0000000000000000
0000000000000000
0000000000000000
0000000000000000

0000000000000000
0000000000000000
0000000000000000
0000000000000000
0000000000000000
0000000000000000
0000000000000000
0000000000000000
0000000000000000
0000000000000000
0000000000000000
0000000000000000

0000000000000000
0000000000000000
0000000000000000
0000000000000000
0000000000000000
0000000000000000
0000000000000000
0000000000000000
0000000000000000
0000000000000000
0000000000000000
0000000000000000

0000000000000000
0000000000000000
0000000000000000
0000000000000000
0000000000000000
0000000000000000
0000000000000000
0000000000000000
0000000000000000
0000000000000000
0000000000000000
0000000000000000

